x0,P
   -0.04783  ,         0.04
   -0.043057 ,         0.08
   -0.047555 ,         0.06
   -0.042001 ,          0.1
   -0.046955 ,         0.12
   -0.041412 ,         0.08
    -0.04293 ,         0.12
   -0.041766 ,         0.16
   -0.048861 ,         0.07
   -0.043735 ,         0.06
   -0.047674 ,         0.04
   -0.049345 ,         0.04
    -0.04084 ,         0.12
   -0.041493 ,         0.16
   -0.041642 ,         0.02
   -0.049305 ,         0.08
   -0.047935 ,         0.08
   -0.046562 ,         0.04
   -0.047053 ,         0.04
   -0.044024 ,         0.08
   -0.054686 ,         0.02
   -0.051148 ,         0.03
   -0.054419 ,         0.02
   -0.058052 ,            0
   -0.055336 ,            0
   -0.052789 ,         0.04
    -0.05469 ,         0.02
   -0.056086 ,         0.02
   -0.052584 ,            0
   -0.056017 ,         0.02
   -0.057136 ,         0.02
   -0.052172 ,         0.02
   -0.057627 ,         0.01
   -0.050141 ,         0.04
   -0.053198 ,            0
    -0.05428 ,         0.02
    -0.05957 ,            0
   -0.058443 ,            0
   -0.054753 ,         0.04
   -0.050963 ,         0.06
   -0.060926 ,            0
   -0.060471 ,         0.02
   -0.064365 ,            0
   -0.060433 ,            0
   -0.061838 ,         0.02
   -0.064512 ,            0
   -0.063608 ,            0
   -0.062266 ,            0
   -0.060212 ,         0.02
   -0.060176 ,            0
   -0.060368 ,            0
   -0.062645 ,            0
   -0.043175 ,         0.07
   -0.062834 ,            0
   -0.055809 ,            0
   -0.042439 ,         0.12
   -0.046962 ,         0.04
   -0.053672 ,         0.06
   -0.063938 ,            0
   -0.064122 ,            0
    -0.04394 ,         0.06
   -0.064265 ,            0
   -0.063929 ,         0.02
   -0.052134 ,         0.04
   -0.060007 ,            0
   -0.043547 ,         0.18
   -0.050544 ,         0.06
   -0.062893 ,            0
   -0.059805 ,            0
   -0.063987 ,            0
   -0.056394 ,         0.02
   -0.040893 ,         0.16
   -0.061228 ,            0
    -0.06335 ,            0
   -0.056968 ,         0.02
   -0.058944 ,            0
   -0.058578 ,         0.04
   -0.049806 ,         0.06
   -0.056387 ,            0
    -0.04428 ,         0.12
   -0.057651 ,            0
   -0.040796 ,         0.12
   -0.046923 ,         0.05
   -0.041154 ,         0.17
   -0.042428 ,         0.12
   -0.060586 ,            0
   -0.057371 ,         0.02
   -0.047927 ,         0.06
   -0.063756 ,            0
   -0.040861 ,          0.2
   -0.050969 ,         0.04
   -0.049539 ,         0.05
   -0.059138 ,         0.02
    -0.05988 ,         0.01
   -0.044672 ,         0.08
   -0.052244 ,          0.1
    -0.05114 ,         0.02
   -0.056158 ,            0
   -0.057734 ,            0
   -0.058867 ,            0
   -0.046901 ,         0.18
   -0.056993 ,         0.04
   -0.056377 ,            0
   -0.044065 ,         0.12
   -0.042975 ,         0.08
   -0.052459 ,            0
   -0.063994 ,            0
    -0.04851 ,         0.08
   -0.054632 ,         0.02
   -0.045595 ,          0.1
   -0.058782 ,            0
   -0.046377 ,         0.18
   -0.052649 ,         0.02
   -0.057477 ,         0.02
   -0.062273 ,            0
   -0.063982 ,            0
    -0.05368 ,         0.04
   -0.043466 ,          0.1
   -0.043732 ,         0.16
   -0.046438 ,         0.06
   -0.061018 ,            0
   -0.046357 ,         0.08
   -0.060357 ,         0.02
   -0.046088 ,         0.04
   -0.063232 ,            0
    -0.04875 ,         0.06
   -0.044915 ,          0.1
   -0.046277 ,         0.12
   -0.055401 ,         0.02
   -0.051832 ,         0.02
   -0.048791 ,         0.04
   -0.060771 ,            0
   -0.054632 ,         0.02
   -0.053743 ,         0.04
    -0.06293 ,            0
   -0.047146 ,         0.04
    -0.05893 ,         0.02
   -0.058843 ,         0.04
   -0.049511 ,         0.14
   -0.054196 ,         0.04
   -0.041896 ,          0.1
   -0.041349 ,         0.08
    -0.05327 ,         0.02
   -0.059479 ,            0
    -0.06335 ,            0
   -0.043248 ,         0.12
   -0.054221 ,         0.02
   -0.051735 ,         0.04
   -0.040298 ,         0.14
   -0.048428 ,         0.04
   -0.044055 ,         0.08
   -0.059857 ,            0
    -0.04778 ,         0.06
   -0.053213 ,         0.04
   -0.044141 ,          0.1
    -0.05505 ,            0
   -0.046574 ,          0.1
   -0.056352 ,            0
    -0.05723 ,         0.02
   -0.058704 ,         0.02
   -0.051264 ,         0.06
   -0.042096 ,         0.14
   -0.045724 ,         0.16
   -0.062833 ,            0
   -0.043809 ,         0.08
   -0.060645 ,            0
   -0.053459 ,         0.08
   -0.064903 ,            0
   -0.041954 ,         0.19
   -0.051067 ,         0.04
   -0.042666 ,         0.13
   -0.064047 ,            0
   -0.040116 ,         0.14
   -0.059373 ,            0
   -0.060433 ,            0
   -0.061717 ,            0
   -0.042111 ,         0.12
   -0.049995 ,         0.06
   -0.046497 ,         0.03
   -0.060002 ,         0.02
   -0.050785 ,         0.08
   -0.062766 ,            0
   -0.044546 ,         0.06
   -0.046595 ,         0.18
   -0.043638 ,         0.06
   -0.043402 ,         0.08
   -0.061732 ,            0
   -0.054493 ,         0.04
   -0.053747 ,            0
   -0.043624 ,          0.1
   -0.061326 ,            0
   -0.055551 ,         0.02
   -0.048774 ,         0.06
   -0.052831 ,         0.02
   -0.050045 ,            0
   -0.041899 ,          0.1
   -0.045998 ,         0.06
   -0.043083 ,         0.08
   -0.044598 ,         0.02
   -0.045999 ,          0.2
   -0.050432 ,         0.06
   -0.041241 ,         0.08
   -0.062568 ,            0
    -0.06362 ,            0
   -0.052272 ,         0.02
   -0.052231 ,         0.02
   -0.048443 ,         0.02
   -0.062501 ,            0
   -0.049231 ,         0.02
    -0.04278 ,          0.1
   -0.059506 ,            0
   -0.049743 ,         0.04
   -0.046042 ,         0.14
   -0.050098 ,            0
   -0.042411 ,          0.1
   -0.043299 ,         0.12
   -0.063551 ,            0
   -0.063903 ,            0
    -0.05438 ,         0.04
   -0.041494 ,         0.14
   -0.045869 ,         0.06
   -0.048829 ,         0.08
    -0.06053 ,            0
   -0.040385 ,         0.18
   -0.041076 ,         0.08
   -0.044225 ,          0.1
   -0.056228 ,            0
   -0.058293 ,            0
   -0.056194 ,            0
   -0.051273 ,         0.04
   -0.053675 ,         0.02
   -0.047408 ,          0.1
   -0.058617 ,         0.02
   -0.044724 ,         0.14
   -0.057169 ,         0.02
   -0.044588 ,         0.04
   -0.049212 ,         0.14
    -0.05564 ,         0.04
   -0.059506 ,            0
   -0.042028 ,         0.16
   -0.063235 ,            0
   -0.059393 ,            0
    -0.05217 ,            0
   -0.050896 ,         0.02
    -0.05117 ,         0.01
   -0.047659 ,         0.06
   -0.052713 ,         0.02
   -0.052769 ,         0.06
   -0.060441 ,            0
   -0.059871 ,            0
  -0.0096489 ,          0.54
  -0.0097059 ,          0.48
  -0.0048538 ,           0.4
  -0.0014189 ,          0.36
  -0.0091574 ,          0.56
  -0.0095949 ,           0.6
 -0.00035712 ,          0.18
  -0.0093399 ,          0.62
  -0.0075774 ,          0.56
  -0.0039223 ,           0.4
  -0.0017119 ,          0.38
 -0.00031833 ,           0.2
 -0.00046171 ,          0.22
  -0.0082346 ,          0.62
   -0.003171 ,          0.26
 -0.00034446 ,          0.23
  -0.0038156 ,          0.38
   -0.007952 ,          0.58
  -0.0048976 ,           0.4
  -0.0064631 ,          0.52
  -0.0075469 ,           0.5
   -0.006797 ,          0.54
  -0.0016261 ,          0.34
  -0.0049836 ,           0.3
  -0.0034039 ,          0.44
  -0.0022381 ,           0.4
   -0.002551 ,           0.4
  -0.0069908 ,          0.44
  -0.0095929 ,          0.68
  -0.0013862 ,           0.3
  -0.0025751 ,          0.29
  -0.0025428 ,          0.38
  -0.0024352 ,          0.28
  -0.0034998 ,          0.34
  -0.0025108 ,          0.36
  -0.0047329 ,          0.38
  -0.0083083 ,           0.6
  -0.0054972 ,          0.42
  -0.0028584 ,          0.42
  -0.0075373 ,          0.54
  -0.0056782 ,           0.5
  -0.0005395 ,          0.34
  -0.0077917 ,          0.44
  -0.0012991 ,          0.36
  -0.0046939 ,           0.5
  -0.0033712 ,          0.44
  -0.0079428 ,          0.68
  -0.0052853 ,          0.54
  -0.0060198 ,          0.45
  -0.0065408 ,          0.48
  -0.0074815 ,          0.48
 -0.00083821 ,          0.22
  -0.0091334 ,          0.52
  -0.0082582 ,          0.58
  -0.0099613 ,          0.73
  -0.0044268 ,          0.42
   -0.009619 ,          0.64
  -0.0077491 ,          0.58
  -0.0086869 ,          0.62
  -0.0039978 ,           0.4
  -0.0080007 ,           0.6
  -0.0091065 ,          0.62
   -0.002638 ,          0.34
  -0.0013607 ,          0.24
   -0.005797 ,          0.56
  -0.0014495 ,          0.41
  -0.0062206 ,          0.42
  -0.0051325 ,          0.42
 -0.00075967 ,          0.36
  -0.0012332 ,          0.33
  -0.0023995 ,          0.34
 -0.00049654 ,          0.26
  -0.0094479 ,          0.58
  -0.0048925 ,          0.56
  -0.0090005 ,          0.68
   -0.001112 ,          0.29
  -0.0038974 ,          0.42
  -0.0040391 ,          0.32
  -0.0013197 ,          0.48
  -0.0095613 ,          0.56
  -0.0005978 ,          0.36
  -0.0035316 ,          0.52
 -0.00015403 ,          0.33
  -0.0016899 ,           0.4
  -0.0073172 ,          0.72
  -0.0045092 ,          0.51
  -0.0029632 ,          0.36
  -0.0018896 ,          0.36
  -0.0018351 ,          0.46
  -0.0062562 ,           0.5
 -0.00081126 ,           0.2
  -0.0077571 ,          0.37
  -0.0043586 ,          0.39
  -0.0030635 ,          0.42
  -0.0051077 ,           0.5
  -0.0079483 ,          0.72
  -0.0037861 ,          0.44
  -0.0053283 ,           0.4
    -0.00939 ,          0.63
  -0.0055016 ,          0.48
   -0.020181 ,          0.46
   -0.021147 ,          0.54
   -0.019832 ,          0.42
   -0.020591 ,          0.36
   -0.014154 ,           0.7
   -0.011457 ,          0.64
   -0.020422 ,          0.55
   -0.024253 ,          0.38
   -0.016581 ,          0.68
   -0.021483 ,          0.54
   -0.012803 ,           0.6
   -0.016684 ,          0.76
    -0.02064 ,          0.44
    -0.01414 ,           0.7
   -0.019826 ,           0.5
   -0.011785 ,          0.62
   -0.024396 ,          0.36
   -0.018779 ,           0.5
   -0.021269 ,          0.54
   -0.017589 ,           0.6
   -0.023364 ,           0.5
   -0.018208 ,          0.68
   -0.012239 ,          0.61
   -0.022611 ,          0.48
   -0.022214 ,           0.5
   -0.023939 ,          0.38
   -0.012949 ,          0.64
   -0.019241 ,          0.57
   -0.015275 ,          0.73
   -0.018779 ,          0.52
   -0.023758 ,          0.32
   -0.021358 ,           0.4
   -0.015707 ,           0.7
   -0.011138 ,           0.5
   -0.017962 ,          0.67
    -0.02401 ,          0.54
   -0.018532 ,           0.6
   -0.010179 ,          0.82
   -0.012433 ,           0.6
   -0.014668 ,           0.7
   -0.012485 ,          0.61
   -0.013945 ,          0.68
   -0.020338 ,          0.59
   -0.016758 ,           0.7
   -0.013435 ,          0.54
   -0.012286 ,          0.66
   -0.018075 ,           0.5
   -0.011173 ,          0.56
     -0.0116 ,          0.65
    -0.01007 ,          0.64
    -0.02226 ,          0.58
   -0.011267 ,          0.68
   -0.013898 ,          0.56
   -0.016471 ,           0.6
   -0.012728 ,           0.7
   -0.012183 ,           0.7
   -0.023039 ,           0.4
   -0.018248 ,          0.65
   -0.022795 ,          0.39
   -0.015264 ,          0.61
   -0.016027 ,          0.68
   -0.013599 ,          0.69
   -0.012759 ,          0.75
   -0.016259 ,          0.65
   -0.023541 ,          0.39
   -0.017363 ,           0.6
   -0.015066 ,          0.62
   -0.015539 ,          0.64
   -0.021704 ,          0.48
   -0.013625 ,          0.68
   -0.011447 ,          0.68
   -0.024131 ,          0.48
   -0.018628 ,          0.56
   -0.013522 ,          0.66
   -0.022318 ,          0.42
   -0.010645 ,          0.78
   -0.019737 ,          0.72
   -0.019716 ,          0.48
   -0.018205 ,          0.57
    -0.02117 ,           0.4
   -0.020302 ,          0.41
   -0.015527 ,          0.63
   -0.021703 ,          0.34
   -0.023941 ,          0.46
   -0.017302 ,          0.64
   -0.016702 ,          0.73
   -0.017628 ,          0.56
   -0.022264 ,          0.48
   -0.019665 ,          0.49
   -0.022174 ,          0.42
   -0.015261 ,           0.6
   -0.023139 ,          0.52
   -0.019337 ,          0.62
   -0.013116 ,           0.8
   -0.017064 ,          0.66
   -0.022665 ,          0.44
   -0.013389 ,          0.58
   -0.013415 ,           0.7
   -0.014667 ,          0.64
   -0.016453 ,          0.62
   -0.023573 ,          0.35
   -0.016583 ,          0.68
   -0.013871 ,          0.68
   -0.018923 ,          0.62
   -0.019043 ,          0.52
   -0.013326 ,          0.66
    -0.01445 ,           0.7
   -0.016363 ,          0.72
   -0.011283 ,          0.66
   -0.022015 ,           0.6
   -0.023933 ,          0.54
   -0.017329 ,           0.6
   -0.013559 ,          0.62
   -0.024446 ,          0.34
   -0.017817 ,          0.58
   -0.017333 ,          0.54
   -0.020187 ,          0.61
   -0.015512 ,          0.72
   -0.010566 ,          0.76
   -0.023699 ,          0.46
   -0.011481 ,          0.66
    -0.01503 ,           0.7
   -0.012048 ,          0.72
   -0.011601 ,          0.63
   -0.017413 ,          0.64
   -0.020726 ,          0.51
   -0.023364 ,           0.4
   -0.020481 ,          0.46
   -0.010458 ,          0.68
     -0.0175 ,          0.55
   -0.023571 ,          0.38
   -0.019265 ,          0.52
   -0.022082 ,          0.41
   -0.012744 ,          0.75
   -0.023298 ,          0.52
   -0.017349 ,           0.7
    -0.02468 ,          0.42
   -0.017507 ,          0.55
   -0.010894 ,          0.58
   -0.010636 ,          0.74
   -0.017825 ,          0.52
   -0.022272 ,          0.47
   -0.020837 ,          0.56
   -0.019894 ,          0.44
   -0.024595 ,          0.26
   -0.022005 ,          0.48
   -0.016486 ,          0.58
   -0.011252 ,          0.67
   -0.012601 ,          0.72
   -0.022471 ,          0.39
   -0.029074 ,           0.3
   -0.025635 ,          0.44
   -0.028162 ,          0.36
   -0.026392 ,          0.25
   -0.029788 ,          0.34
   -0.025788 ,          0.36
   -0.029786 ,          0.41
   -0.029001 ,           0.3
   -0.027109 ,          0.34
   -0.028961 ,           0.4
   -0.028279 ,           0.3
   -0.029246 ,          0.48
   -0.028394 ,           0.2
   -0.028716 ,          0.35
   -0.028277 ,          0.28
    -0.02853 ,           0.3
   -0.026385 ,           0.3
   -0.025486 ,          0.26
   -0.028474 ,          0.24
   -0.029751 ,          0.27
   -0.027194 ,          0.35
   -0.028828 ,           0.3
   -0.025934 ,          0.53
   -0.027228 ,           0.2
   -0.028547 ,           0.2
    -0.02638 ,          0.28
   -0.028275 ,          0.28
   -0.025595 ,          0.33
   -0.029799 ,          0.26
   -0.027926 ,          0.32
   -0.028756 ,          0.38
    -0.02753 ,          0.26
   -0.029455 ,          0.36
   -0.027736 ,          0.33
   -0.025746 ,          0.44
   -0.029204 ,          0.36
   -0.029071 ,          0.21
   -0.029646 ,          0.26
   -0.025983 ,          0.42
    -0.02808 ,           0.3
   -0.026758 ,          0.37
   -0.027926 ,          0.22
   -0.029586 ,          0.24
   -0.028786 ,          0.17
   -0.026902 ,          0.42
   -0.025379 ,          0.47
   -0.027654 ,          0.38
    -0.02967 ,          0.34
   -0.027844 ,          0.32
    -0.02506 ,          0.32
   -0.025811 ,          0.
   -0.030942 ,          0.25
   -0.030866 ,          0.34
   -0.039025 ,          0.22
   -0.034531 ,          0.24
   -0.030351 ,          0.36
   -0.030294 ,          0.36
   -0.035146 ,          0.23
   -0.038581 ,          0.14
   -0.030843 ,          0.26
   -0.030405 ,          0.27
   -0.039643 ,          0.12
    -0.03066 ,          0.21
   -0.032423 ,           0.2
   -0.036078 ,           0.2
   -0.038288 ,          0.16
   -0.039682 ,           0.2
   -0.039538 ,          0.18
   -0.031765 ,           0.2
   -0.036829 ,          0.24
   -0.039656 ,          0.18
   -0.036184 ,          0.18
   -0.032048 ,           0.2
   -0.035102 ,          0.24
   -0.033537 ,          0.26
   -0.032453 ,          0.22
   -0.033203 ,          0.26
   -0.038374 ,          0.16
   -0.035016 ,          0.24
   -0.036596 ,          0.22
   -0.037762 ,          0.18
   -0.037449 ,          0.18
   -0.033009 ,          0.23
   -0.030407 ,          0.18
   -0.038614 ,          0.14
   -0.037425 ,          0.12
   -0.037457 ,          0.14
   -0.037565 ,           0.2
     -0.0365 ,          0.25
   -0.037489 ,          0.14
   -0.035267 ,          0.19
   -0.031692 ,          0.17
   -0.034503 ,          0.29
   -0.037142 ,          0.14
   -0.032463 ,          0.26
   -0.034322 ,          0.11
    -0.03946 ,          0.12
   -0.032208 ,          0.36
   -0.038701 ,          0.14
   -0.035306 ,          0.18
   -0.036629 ,           0.1
   -0.032057 ,           0.2
   -0.034715 ,           0.1
    -0.03398 ,          0.24
   -0.033459 ,          0.28
   -0.032518 ,          0.28
   -0.039162 ,          0.24
   -0.030867 ,          0.34
   -0.031742 ,          0.22
   -0.030039 ,          0.17
   -0.035573 ,          0.22
   -0.030381 ,          0.28
   -0.032251 ,          0.23
   -0.031313 ,           0.2
   -0.036002 ,          0.24
   -0.031999 ,          0.23
   -0.030894 ,          0.16
   -0.037362 ,          0.18
   -0.038639 ,          0.12
   -0.034203 ,           0.2
    -0.03855 ,          0.14
   -0.033779 ,          0.26
   -0.034868 ,          0.16
    -0.03924 ,          0.12
   -0.038767 ,          0.26
     -0.0376 ,          0.12
   -0.039503 ,          0.14
   -0.030552 ,          0.34
   -0.035107 ,          0.08
   -0.030999 ,           0.2
   -0.038888 ,           0.2
   -0.036103 ,          0.02
   -0.035961 ,          0.24
    -0.03868 ,           0.2
   -0.030439 ,           0.3
   -0.039402 ,          0.12
   -0.036468 ,          0.26
   -0.039846 ,          0.14
    -0.03831 ,          0.08
   -0.032683 ,           0.1
   -0.035491 ,           0.2
   -0.037037 ,          0.14
    -0.03811 ,          0.14
   -0.038165 ,          0.14
   -0.033744 ,          0.22
   -0.039189 ,          0.14
   -0.032243 ,          0.32
   -0.035641 ,          0.24
   -0.036937 ,          0.16
   -0.034892 ,          0.18
   -0.032052 ,          0.12
   0.0046319 ,          0.04
   0.0046319 ,          0.04
    0.021825 ,             0
    0.009191 ,             0
    0.018038 ,             0
   0.0010623 ,          0.12
     0.02106 ,             0
   0.0010708 ,          0.06
    0.004993 ,          0.04
    0.014456 ,             0
   0.0051948 ,          0.02
   0.0086065 ,             0
   0.0037718 ,          0.09
   0.0080316 ,             0
   0.0064217 ,             0
   0.0086131 ,             0
   0.0073488 ,             0
    0.018077 ,             0
    0.022572 ,             0
   0.0076293 ,             0
   0.0012444 ,          0.26
    0.014031 ,             0
   0.0058621 ,          0.02
    0.020328 ,             0
     0.01386 ,             0
   0.0072659 ,             0
    0.018099 ,             0
    0.024884 ,             0
   0.0045674 ,          0.06
    0.022889 ,             0
    0.018503 ,             0
    0.014215 ,             0
    0.020454 ,             0
    0.021362 ,             0
   0.0032677 ,          0.08
    0.011253 ,             0
   0.0036742 ,          0.14
    0.016226 ,             0
    0.014955 ,             0
    0.019002 ,             0
    0.020402 ,             0
    0.014568 ,             0
   0.0024321 ,          0.14
    0.012728 ,             0
    0.016557 ,             0
    0.015769 ,             0
   0.0054937 ,             0
    0.018958 ,             0
    0.022589 ,             0
   0.0014487 ,          0.06
     0.01062 ,             0
    0.019131 ,             0
   0.0044701 ,          0.06
    0.023924 ,             0
   0.0087721 ,             0
   0.0088064 ,             0
    0.011325 ,             0
   0.0063827 ,             0
   0.0078306 ,             0
    0.015788 ,             0
   0.0054943 ,             0
   0.0017654 ,          0.14
     0.01283 ,             0
     0.01383 ,             0
    0.012287 ,             0
   0.0045593 ,          0.06
    0.008892 ,             0
   0.0047105 ,          0.05
    0.016232 ,             0
   0.0031014 ,           0.2
   0.0094381 ,             0
    0.019806 ,             0
    0.013227 ,             0
   0.0038923 ,          0.02
    0.019352 ,             0
    0.019308 ,             0
    0.017222 ,             0
    0.014245 ,             0
    0.002378 ,          0.06
    0.014028 ,             0
    0.018548 ,             0
    0.010128 ,             0
   0.0099289 ,             0
    0.019456 ,             0
    0.017583 ,             0
    0.014396 ,             0
    0.022862 ,             0
   0.0049746 ,          0.04
   0.0017786 ,          0.12
    0.012785 ,             0
    0.019068 ,             0
  0.00092279 ,          0.28
    0.011972 ,             0
    0.012778 ,             0
   0.0080216 ,             0
    0.015814 ,             0
    0.024057 ,             0
   0.0021678 ,          0.12
    0.022532 ,             0
    0.016616 ,             0
    0.021586 ,             0
    0.022331 ,             0
    0.012646 ,             0
   0.0071241 ,             0
   0.0027269 ,          0.18
   0.0075314 ,             0
    0.024236 ,             0
    0.012499 ,             0
   0.0023819 ,           0.2
   0.0095583 ,             0
   0.0048628 ,          0.04
    0.020427 ,             0
   0.0028372 ,           0.1
    0.012752 ,             0
  0.00053298 ,          0.21
    0.012488 ,             0
     0.02351 ,             0
    0.023939 ,             0
    0.011959 ,             0
   0.0045463 ,          0.06
    0.006939 ,             0
   0.0085099 ,             0
  0.00067564 ,           0.3
   0.0049917 ,          0.06
     0.01419 ,             0
    0.022913 ,             0
    0.020665 ,             0
   0.0042155 ,          0.08
    0.023488 ,             0
    0.011828 ,             0
   0.0085785 ,             0
      0.0177 ,             0
    0.024613 ,             0
    0.020821 ,             0
     0.01569 ,             0
    0.012758 ,             0
   0.0012092 ,          0.14
    0.023683 ,             0
    0.018272 ,             0
    0.011303 ,             0
    0.014556 ,             0
    0.017464 ,             0
   0.0083415 ,             0
   0.0075474 ,             0
    0.020547 ,             0
   2.299e-05 ,          0.24
    0.024185 ,             0
   0.0029533 ,          0.12
    0.020239 ,             0
    0.013482 ,             0
     0.02109 ,             0
   0.0088809 ,             0
    0.020227 ,             0
    0.012949 ,             0
    0.010262 ,             0
    0.015385 ,             0
    0.018705 ,             0
   0.0095727 ,             0
   0.0043906 ,          0.06
   0.0067438 ,             0
    0.010398 ,             0
   0.0023423 ,          0.16
    0.004556 ,          0.08
    0.010141 ,             0
    0.014369 ,             0
    0.020963 ,             0
    0.014428 ,             0
    0.010037 ,             0
   0.0076013 ,             0
   0.0090367 ,             0
     0.02328 ,             0
    0.011728 ,             0
     0.01481 ,             0
    0.007041 ,             0
    0.011717 ,             0
    0.022359 ,             0
   0.0055299 ,          0.02
    0.022729 ,             0
    0.021159 ,             0
    0.013998 ,             0
    0.013564 ,             0
    0.012049 ,             0
   0.0090573 ,             0
    0.018982 ,             0
    0.017773 ,             0
   0.0076215 ,             0
     0.01863 ,             0
   0.0083042 ,          0.02
    0.016388 ,             0
   0.0081167 ,             0
   0.0099457 ,             0
   0.0021002 ,          0.13
    0.013439 ,             0
    0.013477 ,             0
    0.016938 ,             0
    0.013216 ,             0
    0.020603 ,             0
    0.013163 ,             0
    0.016472 ,             0
    0.020206 ,             0
    0.018929 ,             0
    0.018273 ,             0
    0.020283 ,             0
    0.022722 ,             0
   0.0079159 ,             0
    0.014357 ,             0
   0.0088096 ,             0
   0.0091053 ,             0
    0.019777 ,             0
    0.019094 ,             0
   0.0098174 ,             0
    0.013532 ,             0
   0.0057429 ,             0
   0.0084498 ,             0
   0.0039518 ,          0.02
   0.0086225 ,             0
    0.022025 ,             0
   0.0010064 ,          0.26
    0.010368 ,             0
   0.0062183 ,             0
    0.012351 ,             0
   0.0027274 ,          0.05
     0.01132 ,             0
    0.021268 ,             0
   0.0039821 ,          0.08
   0.0046429 ,          0.06
   0.0017684 ,          0.22
    0.020085 ,             0
   0.0095989 ,             0
    0.016209 ,             0
    0.010368 ,             0
   0.0020702 ,          0.14
     0.00607 ,             0
    0.015489 ,             0
    0.023104 ,             0
     0.01173 ,             0
   0.0016497 ,           0.2
    0.010779 ,             0
    0.024702 ,             0
    0.020945 ,             0
     0.01722 ,             0
    0.020859 ,             0
    0.018426 ,             0
   0.0077696 ,             0
    0.013736 ,             0
    0.019276 ,             0
    0.021191 ,             0
    0.011541 ,             0
    0.023046 ,             0
    0.022334 ,             0
